0 0.057 0.5982352941176471 0.106 0.6435294117647059
0 0.154 0.5723529411764706 0.096 0.62
0 0.248 0.6205882352941177 0.104 0.6247058823529412
0 0.346 0.5829411764705882 0.096 0.6458823529411765
0 0.436 0.5558823529411765 0.104 0.62
0 0.525 0.51 0.098 0.6011764705882353
0 0.624 0.46705882352941175 0.092 0.6
0 0.716 0.4376470588235294 0.092 0.5694117647058824
0 0.798 0.43588235294117644 0.076 0.6152941176470588
0 0.881 0.4 0.086 0.6235294117647059
0 0.937 0.3 0.082 0.5905882352941176
0 0.645 0.8247058823529412 0.338 0.3247058823529412
