0 0.6162162162162163 0.45337837837837835 0.17567567567567569 0.05
0 0.6162162162162163 0.5027027027027027 0.1783783783783784 0.04594594594594595
0 0.6175675675675676 0.5513513513513514 0.17567567567567569 0.051351351351351354
0 0.6162162162162163 0.6013513513513513 0.17567567567567569 0.051351351351351354
0 0.6162162162162163 0.6472972972972973 0.17567567567567569 0.051351351351351354
0 0.6168918918918919 0.6959459459459459 0.17702702702702702 0.043243243243243246
0 0.6148648648648649 0.7405405405405405 0.17297297297297298 0.04594594594594595
0 0.6168918918918919 0.7885135135135135 0.17702702702702702 0.052702702702702706
0 0.6168918918918919 0.8378378378378378 0.17702702702702702 0.04594594594594595
0 0.6182432432432432 0.8878378378378379 0.17432432432432432 0.05405405405405406
0 0.3844594594594595 0.45472972972972975 0.17432432432432432 0.05540540540540541
0 0.38175675675675674 0.5033783783783784 0.16891891891891891 0.0472972972972973
0 0.3824324324324324 0.5493243243243243 0.17567567567567569 0.052702702702702706
0 0.38175675675675674 0.6027027027027027 0.17702702702702702 0.05405405405405406
0 0.3831081081081081 0.6493243243243243 0.17432432432432432 0.0472972972972973
0 0.38175675675675674 0.6966216216216217 0.17162162162162162 0.0445945945945946
0 0.3837837837837838 0.7432432432432432 0.17297297297297298 0.04864864864864865
0 0.3831081081081081 0.7891891891891892 0.17162162162162162 0.05405405405405406
0 0.3824324324324324 0.8405405405405405 0.17567567567567569 0.043243243243243246
0 0.3810810810810811 0.8878378378378379 0.17567567567567569 0.05405405405405406
