0 0.08205660867307193 0.4686404363069731 0.07634380680342769 0.4035839501363459
0 0.13256297065697223 0.5590183093104791 0.08802908335497274 0.40514218932606155
0 0.19462477278628929 0.43163225555122714 0.07400675149311867 0.38098948188546944
0 0.2652557777200727 0.5333073626801714 0.07037133212152688 0.4082586677054928
0 0.3426382757725266 0.47019867549668876 0.06829394962347442 0.3973509933774834
0 0.4111918982082576 0.5765485001947799 0.07037133212152688 0.40046747175691466
0 0.48935341469748117 0.44507206856252435 0.09166450272656453 0.4507206856252435
0 0.5837444819527395 0.543046357615894 0.11062061802129317 0.4674717569146864
0 0.6619059984419631 0.39287105570705105 0.09815632303297844 0.4553954031943903
0 0.7652557777200727 0.49220880405142187 0.11737211113996364 0.4748733930658356
0 0.8865229810438847 0.4345539540319439 0.12100753051155544 0.44137125048694975
