0 0.20555555555555555 0.5295404814004376 0.25277777777777777 0.17943107221006566
0 0.3840277777777778 0.8457330415754923 0.12638888888888888 0.25164113785557984
0 0.5347222222222222 0.8052516411378556 0.23055555555555557 0.14442013129102846
0 0.5958333333333333 0.5317286652078774 0.1638888888888889 0.18818380743982493
0 0.4909722222222222 0.48577680525164113 0.0763888888888889 0.18818380743982493
0 0.4652777777777778 0.6094091903719913 0.175 0.19037199124726478
0 0.7833333333333333 0.8293216630196937 0.24722222222222223 0.16192560175054704
0 0.9298611111111111 0.8315098468271335 0.09583333333333334 0.22319474835886213
0 0.7118055555555556 0.9474835886214442 0.2763888888888889 0.09190371991247265
0 0.4409722222222222 0.18818380743982493 0.12361111111111112 0.16192560175054704
0 0.5131944444444444 0.2986870897155361 0.0875 0.15098468271334792
0 0.6208333333333333 0.36433260393873085 0.1361111111111111 0.12472647702407003
0 0.2534722222222222 0.31838074398249455 0.08472222222222223 0.11159737417943107
0 0.26944444444444443 0.41684901531728663 0.1638888888888889 0.07221006564551423
0 0.16527777777777777 0.32603938730853393 0.09166666666666666 0.13566739606126915
0 0.06736111111111111 0.38840262582056895 0.12361111111111112 0.10722100656455143
0 0.20625 0.8982494529540481 0.1736111111111111 0.1772428884026258
0 0.1125 0.7669584245076586 0.20555555555555555 0.4048140043763676
0 0.8479166666666667 0.4387308533916849 0.10416666666666667 0.15098468271334792
0 0.6993055555555555 0.20678336980306344 0.08472222222222223 0.05908096280087528
