0 0.18385416666666668 0.15196850393700786 0.12395833333333334 0.30078740157480316
0 0.13541666666666666 0.21496062992125983 0.1125 0.28188976377952757
0 0.09739583333333333 0.33070866141732286 0.171875 0.32755905511811023
0 0.07291666666666667 0.5204724409448819 0.14583333333333334 0.17165354330708663
0 0.0421875 0.658267716535433 0.06979166666666667 0.16377952755905512
0 0.09010416666666667 0.6960629921259842 0.16979166666666667 0.1984251968503937
0 0.0875 0.7866141732283465 0.16041666666666668 0.1968503937007874
0 0.19739583333333333 0.8803149606299212 0.259375 0.1984251968503937
0 0.35833333333333334 0.115748031496063 0.19791666666666666 0.13385826771653545
0 0.49375 0.25984251968503935 0.23958333333333334 0.09133858267716535
0 0.6114583333333333 0.15039370078740158 0.23541666666666666 0.10551181102362205
0 0.7875 0.08188976377952756 0.22708333333333333 0.14173228346456693
0 0.909375 0.42913385826771655 0.14375 0.33228346456692914
0 0.9447916666666667 0.8511811023622047 0.09791666666666667 0.27244094488188975
0 0.8375 0.9173228346456693 0.2604166666666667 0.14330708661417324
0 0.7854166666666667 0.8173228346456692 0.23125 0.12913385826771653
0 0.771875 0.7346456692913386 0.2520833333333333 0.13700787401574804
0 0.6708333333333333 0.8834645669291339 0.14583333333333334 0.22677165354330708
0 0.44375 0.8692913385826772 0.20833333333333334 0.24881889763779527
0 0.38958333333333334 0.39133858267716537 0.20833333333333334 0.215748031496063
0 0.5614583333333333 0.42992125984251967 0.2 0.2047244094488189
0 0.6036458333333333 0.5519685039370079 0.128125 0.029921259842519685
0 0.6583333333333333 0.6275590551181103 0.2625 0.11181102362204724
0 0.26458333333333334 0.5968503937007874 0.25 0.1763779527559055
0 0.30833333333333335 0.431496062992126 0.21458333333333332 0.15118110236220472
0 0.6817708333333333 0.4031496062992126 0.13229166666666667 0.31496062992125984
0 0.7265625 0.3984251968503937 0.11354166666666667 0.29606299212598425
0 0.7994791666666666 0.4188976377952756 0.13645833333333332 0.352755905511811
0 0.478125 0.11023622047244094 0.10625 0.2204724409448819
0 0.6067708333333334 0.05905511811023622 0.13854166666666667 0.11181102362204724
0 0.315625 0.09133858267716535 0.22083333333333333 0.1732283464566929
0 0.4739583333333333 0.7173228346456693 0.18958333333333333 0.25354330708661416
0 0.3723958333333333 0.5188976377952756 0.171875 0.2566929133858268
0 0.5296875 0.3732283464566929 0.23229166666666667 0.22362204724409449
0 0.9348958333333334 0.2905511811023622 0.11979166666666667 0.3700787401574803
0 0.5489583333333333 0.6874015748031496 0.19791666666666666 0.2566929133858268
0 0.35 0.8551181102362204 0.20625 0.27086614173228346
0 0.6182291666666667 0.8803149606299212 0.14270833333333333 0.22677165354330708
