0 0.3804054054054054 0.4540540540540541 0.17972972972972973 0.06486486486486487
0 0.37972972972972974 0.5033783783783784 0.1783783783783784 0.041891891891891894
0 0.3783783783783784 0.55 0.1783783783783784 0.051351351351351354
0 0.3783783783783784 0.597972972972973 0.1810810810810811 0.05
0 0.3783783783783784 0.6486486486486487 0.1810810810810811 0.05405405405405406
0 0.37905405405405407 0.697972972972973 0.18243243243243243 0.041891891891891894
0 0.37972972972972974 0.7452702702702703 0.1783783783783784 0.0472972972972973
0 0.3831081081081081 0.7952702702702703 0.17702702702702702 0.05
0 0.3810810810810811 0.8425675675675676 0.17567567567567569 0.0445945945945946
0 0.3824324324324324 0.8918918918918919 0.17297297297297298 0.04864864864864865
0 0.6162162162162163 0.4527027027027027 0.17297297297297298 0.05405405405405406
0 0.6155405405405405 0.5054054054054054 0.17702702702702702 0.04054054054054054
0 0.6155405405405405 0.5493243243243243 0.17702702702702702 0.0445945945945946
0 0.6162162162162163 0.5972972972972973 0.17297297297297298 0.04594594594594595
0 0.6175675675675676 0.6493243243243243 0.17567567567567569 0.0445945945945946
0 0.6175675675675676 0.6966216216216217 0.1783783783783784 0.0445945945945946
0 0.6155405405405405 0.7445945945945946 0.17432432432432432 0.051351351351351354
0 0.6155405405405405 0.793918918918919 0.17432432432432432 0.05
0 0.6155405405405405 0.8432432432432433 0.17432432432432432 0.043243243243243246
0 0.6168918918918919 0.8912162162162162 0.17702702702702702 0.041891891891891894
