0 0.19652777777777777 0.9048140043763676 0.15416666666666667 0.16849015317286653
0 0.1076388888888889 0.7571115973741794 0.18472222222222223 0.3982494529540481
0 0.19930555555555557 0.5185995623632386 0.2513888888888889 0.17943107221006566
0 0.5361111111111111 0.8107221006564551 0.25 0.10722100656455143
0 0.7840277777777778 0.8150984682713348 0.25416666666666665 0.13785557986870897
0 0.7125 0.9485776805251641 0.26944444444444443 0.09409190371991247
0 0.15 0.33260393873085337 0.09444444444444444 0.1400437636761488
0 0.4354166666666667 0.1936542669584245 0.12083333333333333 0.16411378555798686
0 0.6611111111111111 0.4726477024070022 0.12777777777777777 0.1838074398249453
0 0.7701388888888889 0.4102844638949672 0.12916666666666668 0.08533916849015317
0 0.8326388888888889 0.6094091903719913 0.16527777777777777 0.20787746170678337
0 0.8923611111111112 0.4551422319474836 0.0625 0.17943107221006566
0 0.9194444444444444 0.6980306345733042 0.14444444444444443 0.15317286652078774
0 0.5486111111111112 0.7133479212253829 0.002777777777777778 0.00437636761487965
0 0.6652777777777777 0.11816192560175055 0.07222222222222222 0.0962800875273523
0 0.4625 0.6258205689277899 0.175 0.1925601750547046
0 0.07569444444444444 0.23304157549234136 0.07083333333333333 0.05470459518599562
0 0.052083333333333336 0.37636761487964987 0.09861111111111111 0.10940919037199125
0 0.04583333333333333 0.49671772428884026 0.09166666666666666 0.07439824945295405
0 0.2881944444444444 0.7691466083150985 0.15694444444444444 0.12472647702407003
0 0.38819444444444445 0.8446389496717724 0.0875 0.2275711159737418
0 0.3263888888888889 0.9442013129102844 0.11388888888888889 0.09846827133479212
0 0.3111111111111111 0.899343544857768 0.09166666666666666 0.13129102844638948
0 0.4361111111111111 0.9201312910284464 0.12777777777777777 0.15973741794310722
0 0.4361111111111111 0.9463894967177243 0.11388888888888889 0.08533916849015317
0 0.49375 0.4934354485776805 0.05694444444444444 0.21663019693654267
0 0.5791666666666667 0.6039387308533917 0.11388888888888889 0.2100656455142232
0 0.7368055555555556 0.5820568927789934 0.08472222222222223 0.18818380743982493
0 0.7013888888888888 0.6980306345733042 0.11944444444444445 0.061269146608315096
0 0.9152777777777777 0.5754923413566739 0.1111111111111111 0.175054704595186
0 0.9326388888888889 0.8522975929978118 0.10972222222222222 0.28227571115973743
0 0.8979166666666667 0.9354485776805251 0.14583333333333334 0.11597374179431072
0 0.2673611111111111 0.40809628008752735 0.1625 0.09409190371991247
0 0.39305555555555555 0.5470459518599562 0.14722222222222223 0.0700218818380744
0 0.5138888888888888 0.2811816192560175 0.058333333333333334 0.12910284463894967
0 0.4201388888888889 0.31838074398249455 0.1375 0.12472647702407003
0 0.3333333333333333 0.29431072210065645 0.06666666666666667 0.09409190371991247
