0 0.039935064935064934 0.2025 0.07987012987012987 0.325
0 0.21168831168831168 0.168125 0.23246753246753246 0.31375
0 0.5116883116883116 0.1475 0.23636363636363636 0.2875
0 0.09772727272727273 0.38375 0.16428571428571428 0.16
0 0.04090909090909091 0.724375 0.07792207792207792 0.54625
0 0.16558441558441558 0.689375 0.19220779220779222 0.59625
0 0.35064935064935066 0.700625 0.17402597402597403 0.58375
0 0.8866883116883116 0.68375 0.17857142857142858 0.6125
0 0.7506493506493507 0.65625 0.17012987012987013 0.6675
0 0.4103896103896104 0.325625 0.17402597402597403 0.18375
