0 0.22458333333333333 0.6575 0.3625 0.24833333333333332
0 0.22291666666666668 0.4891666666666667 0.08583333333333333 0.24166666666666667
0 0.3045833333333333 0.49833333333333335 0.0825 0.27
0 0.36583333333333334 0.4891666666666667 0.08 0.28
0 0.4379166666666667 0.47791666666666666 0.07583333333333334 0.2825
0 0.5016666666666667 0.47 0.06833333333333333 0.275
0 0.55875 0.45416666666666666 0.07416666666666667 0.2816666666666667
0 0.6254166666666666 0.44333333333333336 0.06416666666666666 0.27
0 0.68375 0.42791666666666667 0.0525 0.2675
0 0.7475 0.41833333333333333 0.06 0.2633333333333333
0 0.8016666666666666 0.41583333333333333 0.06333333333333334 0.25833333333333336
0 0.8625 0.40375 0.05 0.2675
0 0.915 0.39916666666666667 0.05 0.25333333333333335
