0 0.3854166666666667 0.3984251968503937 0.22083333333333333 0.2110236220472441
0 0.6625 0.6188976377952756 0.25 0.15748031496062992
0 0.265625 0.5866141732283464 0.24791666666666667 0.17480314960629922
0 0.09739583333333333 0.3094488188976378 0.19270833333333334 0.3228346456692913
0 0.6791666666666667 0.4149606299212598 0.14375 0.3637795275590551
0 0.7328125 0.3952755905511811 0.121875 0.2992125984251969
0 0.8776041666666666 0.6330708661417322 0.215625 0.08503937007874016
0 0.7708333333333334 0.7322834645669292 0.25416666666666665 0.09763779527559055
0 0.7807291666666667 0.8275590551181102 0.22604166666666667 0.10551181102362205
0 0.8395833333333333 0.9118110236220472 0.2520833333333333 0.15433070866141732
0 0.9489583333333333 0.8503937007874016 0.09791666666666667 0.2677165354330709
0 0.13645833333333332 0.2094488188976378 0.10625 0.27716535433070866
0 0.1875 0.15984251968503937 0.12083333333333333 0.3165354330708661
0 0.3255208333333333 0.07795275590551182 0.24895833333333334 0.14330708661417324
0 0.3625 0.13228346456692913 0.18958333333333333 0.1700787401574803
0 0.33541666666666664 0.2062992125984252 0.2125 0.1700787401574803
0 0.0734375 0.525984251968504 0.13645833333333332 0.1889763779527559
0 0.09322916666666667 0.7023622047244095 0.17604166666666668 0.1952755905511811
0 0.0859375 0.8062992125984252 0.171875 0.22677165354330708
0 0.1125 0.8653543307086614 0.19791666666666666 0.25354330708661416
0 0.18541666666666667 0.8866141732283465 0.26458333333333334 0.2110236220472441
0 0.26458333333333334 0.7464566929133858 0.21041666666666667 0.1700787401574803
0 0.35572916666666665 0.8724409448818897 0.215625 0.23937007874015748
0 0.4453125 0.8692913385826772 0.23645833333333333 0.23622047244094488
0 0.6177083333333333 0.8771653543307086 0.13958333333333334 0.2141732283464567
0 0.6692708333333334 0.8724409448818897 0.13229166666666667 0.2110236220472441
0 0.5375 0.6748031496062992 0.225 0.2283464566929134
0 0.3703125 0.7110236220472441 0.209375 0.14960629921259844
0 0.37135416666666665 0.521259842519685 0.215625 0.22992125984251968
0 0.48072916666666665 0.25984251968503935 0.21354166666666666 0.06299212598425197
0 0.5375 0.3653543307086614 0.23125 0.1952755905511811
0 0.5677083333333334 0.4393700787401575 0.2125 0.22362204724409449
0 0.9135416666666667 0.41181102362204725 0.14375 0.3480314960629921
0 0.9333333333333333 0.2992125984251969 0.1125 0.30866141732283464
0 0.7973958333333333 0.08425196850393701 0.23229166666666667 0.15905511811023623
0 0.6036458333333333 0.14409448818897638 0.23645833333333333 0.12125984251968504
0 0.4765625 0.1110236220472441 0.121875 0.2031496062992126
0 0.60625 0.06062992125984252 0.1375 0.11811023622047244
0 0.31145833333333334 0.4377952755905512 0.20208333333333334 0.1826771653543307
0 0.7979166666666667 0.40708661417322833 0.15208333333333332 0.3417322834645669
0 0.8291666666666667 0.3173228346456693 0.11041666666666666 0.3228346456692913
