1 0.7879166666666667 0.7780054644808743 0.25583333333333336 0.337431693989071
0 0.47041666666666665 0.7363387978142076 0.08583333333333333 0.39617486338797814
0 0.5545833333333333 0.7370218579234973 0.0825 0.40846994535519127
0 0.5625 0.31079234972677594 0.15 0.2773224043715847
0 0.5195833333333333 0.27459016393442626 0.14416666666666667 0.26229508196721313
0 0.47041666666666665 0.24316939890710382 0.14583333333333334 0.2540983606557377
0 0.43083333333333335 0.2062841530054645 0.13 0.27595628415300544
0 0.2808333333333333 0.7213114754098361 0.09 0.5218579234972678
0 0.2275 0.7411202185792349 0.04833333333333333 0.44672131147540983
0 0.18666666666666668 0.7240437158469946 0.04 0.4453551912568306
0 0.15958333333333333 0.7158469945355191 0.050833333333333335 0.4371584699453552
0 0.11541666666666667 0.7056010928961749 0.049166666666666664 0.4385245901639344
0 0.08125 0.7069672131147541 0.0325 0.4030054644808743
0 0.05541666666666667 0.6953551912568307 0.059166666666666666 0.4262295081967213
