0 0.225 0.48833333333333334 0.08166666666666667 0.255
0 0.22541666666666665 0.6520833333333333 0.36916666666666664 0.2708333333333333
0 0.3016666666666667 0.4845833333333333 0.08333333333333333 0.2925
0 0.36833333333333335 0.47583333333333333 0.08 0.25833333333333336
0 0.43333333333333335 0.47875 0.08333333333333333 0.26416666666666666
0 0.49666666666666665 0.4666666666666667 0.07833333333333334 0.27
0 0.5575 0.4633333333333333 0.08 0.2683333333333333
0 0.6195833333333334 0.4479166666666667 0.07416666666666667 0.2625
0 0.68 0.4345833333333333 0.07166666666666667 0.2625
0 0.74125 0.4266666666666667 0.06916666666666667 0.265
0 0.8 0.4166666666666667 0.065 0.25166666666666665
0 0.86 0.40625 0.051666666666666666 0.2608333333333333
0 0.9070833333333334 0.39625 0.06583333333333333 0.2475
