1 0.607 0.1455 0.142 0.119
1 0.463 0.2135 0.162 0.117
1 0.38 0.35 0.156 0.122
1 0.259 0.2455 0.162 0.115
1 0.169 0.3475 0.17 0.113
1 0.07 0.455 0.128 0.136
1 0.169 0.5735 0.142 0.101
1 0.284 0.471 0.136 0.12
1 0.43 0.515 0.136 0.118
1 0.549 0.4085 0.154 0.139
1 0.665 0.3045 0.154 0.117
1 0.822 0.3605 0.156 0.129
1 0.735 0.441 0.102 0.118
1 0.645 0.5125 0.114 0.117
1 0.892 0.514 0.128 0.124
1 0.817 0.587 0.142 0.136
1 0.877 0.674 0.106 0.076
1 0.955 0.63 0.082 0.088
1 0.949 0.746 0.082 0.076
1 0.863 0.7845 0.078 0.091
1 0.658 0.6325 0.132 0.103
1 0.747 0.7355 0.09 0.079
1 0.771 0.827 0.102 0.062
1 0.691 0.8675 0.078 0.091
1 0.638 0.7375 0.092 0.089
1 0.508 0.631 0.132 0.124
1 0.407 0.71 0.114 0.096
1 0.3 0.6225 0.128 0.113
1 0.225 0.7305 0.122 0.107
1 0.309 0.7925 0.114 0.089
1 0.42 0.8415 0.12 0.105
1 0.498 0.7635 0.1 0.079
1 0.591 0.8285 0.066 0.051
1 0.546 0.8885 0.084 0.055
